,glat,glon,i090,i150,i220,i090_r,i150_r,i220_r,cluster,clusterp,type
4277,-20.35175879396985,37.98994974874372,1.1077267569065945,-34.05693793084067,654.5996814117341,1.8881077387293832,-49.28757392930203,377.500088682331,2,0.855665987854254,10
12014,-77.33668341708542,108.5427135678392,6.734124823030725,95.42303150909987,-165.38650218593727,-1.591479670415159,72.11936172735496,-1.9371371472468142,2,0.9020649255287022,10
21051,-43.86934673366834,189.9497487437186,7.314027072559291,-39.178735055645475,287.21094062256003,-1.0174416502968209,-40.73350564925397,118.08301048904168,2,0.8760186097945217,10
25648,-46.58291457286432,231.55778894472363,-17.51601941382722,-0.79476920541449,65.01047846733425,2.8568126959878892,12.461436160666043,50.58204376033095,2,0.8806935637112354,10
28664,-32.11055276381909,258.6934673366834,-8.402022167162693,5.64104630052157,42.53393774355968,7.977580336273694,15.766068528128452,69.2016279236215,2,0.8500047257060005,10
29777,70.10050251256283,267.7386934673367,55.53015659566014,19.253952241950913,37.5796614130078,43.62812454348705,8.87439100390575,-16.24854977091805,2,0.8844669839296652,10
30183,75.52763819095478,271.356783919598,50.108618398708366,20.452820126035963,4.391003546865124,53.87781800989245,20.55885242008772,-32.35777765336584,2,0.8645909459984663,10
36444,-50.201005025125625,329.2462311557789,-14.01087092275353,-0.7982337220944796,156.24047923272454,4.9785973775582235,18.92671672633437,61.16620937722628,2,0.8713351193174597,10
37188,80.0502512562814,334.67336683417085,38.02071750284588,12.906498052902267,14.354253329810891,31.101229882631145,20.195804266069757,0.6321049752782603,2,0.8532918913557122,10
37768,61.959798994974875,340.1005025125628,39.42954654001466,52.81910748229291,216.9609223955235,43.56667225634465,46.20880452140433,22.22277895036291,2,0.8513535010524564,10
